image: room_ok.pgm
resolution: 0.050000
origin: [-9.60000, -15.00000, 0.000000]
#origin: [-10.0000, -10.00000, 0.000000]
negate: 0
occupied_thresh: 0.65
free_thresh: 0.196
